========== CSI SUMMARY REPORT ==========
Filename: /home/obak-b/Documents/PicoScenes/rx_4_251205_STATIC.csi
Total frames parsed      : 1195
Frames with CSI          : 1195
Subcarriers per frame    : 53

---- Timing ----
Capture duration         : 18.344 s
Average CSI rate         : 65.15 packets/s
Derived FPS (from dt)    : 65.09 Hz

---- MAC Addresses ----
08:7E:64:11:0B:9F
0C:FE:7B:8C:AB:19
14:13:33:21:85:6F
14:13:33:21:9E:11
14:13:33:21:A2:15
14:13:33:21:AD:9B
14:13:33:3D:EF:97
14:13:33:3E:3B:A3
14:13:33:57:41:57
14:13:33:57:43:B1
14:13:33:57:44:7D
14:13:33:7C:2B:63
14:13:33:7C:51:F7
14:13:33:7C:58:79
24:4B:FE:BE:FF:DC
34:6F:24:BC:0F:3D
34:6F:24:BC:96:EB
70:13:01:CA:04:89
76:93:14:26:E5:CD
94:F7:BE:B7:E5:83
BC:75:36:50:CF:06
BC:9A:8E:AE:0C:AC
C0:A0:0D:33:3D:D3
C6:A0:0D:33:3D:D3
DC:EB:69:03:CD:F9
E4:F0:42:66:E7:5C
EC:F0:0E:6F:79:FC

Primary TX MAC: 24:4B:FE:BE:FF:DC
Primary RX MAC: 34:6F:24:BC:0F:3D

---- Antenna Information ----
TX Antennas (numTx): 1    MAC: 24:4B:FE:BE:FF:DC
RX Antennas (numRx): 2    MAC: 34:6F:24:BC:0F:3D

---- CSI Matrix ----
CSI matrix shape (frames x tones): 1195 x 106

First 5 rows of amplitude matrix:
Row 0: 57.7235, 213.8060, 154.8967, 134.1827, 164.1250, 147.6845, 131.2440, 101.5332, 87.0919, 37.1079, 22.1359, 29.0689, 53.9351, 75.6637, 100.8464, 119.0378, 140.3567, 158.2940, 174.2556, 187.2527, 200.2498, 211.4923, 210.8009, 213.1033, 202.7116, 204.9195, 197.1012, 189.2829, 185.9731, 161.7189, 159.0220, 146.3216, 149.2146, 150.1983, 151.1820, 152.0132, 163.2177, 167.5052, 177.3866, 180.9530, 185.6071, 186.2713, 181.0249, 181.9698, 172.8873, 169.5435, 153.0621, 138.8708, 124.6796, 132.2309, 116.1077, 128.4562, 120.8387, 117.7455, 104.1729, 99.6394, 100.3195, 112.0446, 119.0858, 126.1269, 117.0043, 129.5531, 116.3615, 115.7454, 102.5914, 93.4773, 83.2406, 66.6408, 51.0000, 36.6197, 30.0167, 36.2215, 52.4765, 68.7314, 88.2043, 118.9496, 135.0926, 142.6184, 153.6815, 155.1638, 156.6461, 162.8558, 157.9177, 159.6246, 144.8862, 139.4346, 127.8551, 116.2755, 80.2808, 68.6222, 56.0000, 52.8394, 48.0104, 51.4781, 60.6383, 67.2309, 79.1960, 83.7616, 95.0789, 99.0404, 100.0202, 101.0000, 109.2016, 92.5743, 102.6499, 92.0054
Row 1: 55.0818, 211.3764, 154.4344, 133.5552, 162.7821, 146.7305, 130.6790, 101.9804, 86.8159, 36.2353, 23.1948, 28.6531, 53.2353, 74.2496, 100.5684, 119.0378, 142.0035, 159.0220, 176.2555, 188.4597, 200.6639, 207.8894, 208.4634, 213.4690, 205.0780, 202.4846, 195.4030, 188.3215, 187.0187, 162.9754, 160.0156, 148.2464, 150.1466, 150.4805, 150.8145, 152.7122, 162.3730, 167.6305, 178.1376, 182.4555, 181.7966, 185.4400, 181.6480, 180.8535, 171.3301, 169.1981, 154.3535, 139.1949, 124.0363, 129.2478, 113.0708, 128.1913, 122.1475, 105.8159, 94.5146, 86.0523, 89.1067, 97.4526, 104.4578, 111.4630, 105.8017, 116.0560, 104.0625, 102.8008, 87.6584, 81.5966, 66.2873, 58.4209, 45.0444, 32.7567, 27.8029, 33.6155, 46.8910, 60.1664, 76.0592, 104.9952, 117.6860, 127.4245, 138.3510, 138.9931, 139.6352, 143.0035, 142.0035, 135.4843, 128.9729, 123.8103, 112.0175, 100.2247, 72.1249, 64.2028, 51.6236, 46.1736, 43.8292, 46.4004, 53.3667, 60.2993, 70.7743, 76.4003, 83.6301, 83.7257, 87.3656, 91.0055, 96.5091, 83.8153, 90.7855, 79.2591
Row 2: 63.0079, 223.8973, 161.9877, 137.4627, 173.6232, 156.3116, 139.0000, 106.8925, 93.4773, 37.4833, 24.7588, 32.5730, 56.7274, 80.2309, 106.5317, 126.1943, 150.1366, 166.6283, 186.1021, 199.2631, 212.4241, 219.6474, 220.1931, 224.1093, 216.7233, 212.8497, 206.4111, 199.9725, 199.4041, 172.4094, 166.9731, 156.6972, 159.4114, 158.5219, 157.6325, 162.2375, 173.4013, 177.0875, 186.0779, 190.6856, 192.7200, 195.6860, 191.7081, 189.9737, 177.2258, 177.2287, 162.0771, 146.0636, 130.0500, 134.9370, 118.3765, 134.9370, 130.0500, 112.1606, 97.5910, 93.1075, 93.1719, 102.9272, 109.8459, 116.7647, 109.9318, 123.0000, 108.4620, 106.9626, 93.6376, 87.2353, 74.9466, 62.4340, 48.8262, 34.1760, 28.6356, 34.6699, 49.6033, 64.5368, 82.0731, 111.2115, 124.0202, 135.0851, 144.2012, 146.1361, 148.0709, 155.3898, 149.4590, 146.7311, 137.2953, 132.3102, 119.9789, 107.6476, 76.1577, 65.1920, 52.9245, 48.1041, 45.8803, 50.8035, 55.5698, 64.3817, 73.0616, 76.2168, 87.4757, 90.1388, 91.7197, 93.3006, 101.5529, 89.0056, 95.2103, 86.2149
Row 3: 125.2517, 138.4630, 130.4186, 76.2168, 147.9595, 150.7082, 153.4568, 146.0137, 142.5938, 129.9577, 113.5077, 104.0048, 92.1303, 67.1789, 52.0000, 34.9285, 27.4591, 24.0416, 16.4012, 22.7006, 29.0000, 43.0116, 73.7631, 98.2700, 90.4434, 114.0175, 111.8381, 109.6586, 112.4144, 117.3925, 108.9036, 122.3846, 122.4296, 116.5975, 110.7655, 123.1463, 114.1096, 122.0041, 110.0000, 119.4069, 98.2344, 110.0591, 106.3203, 98.9545, 105.0952, 83.2346, 61.0983, 51.1465, 41.1947, 55.5428, 62.1289, 78.0320, 89.4539, 33.8378, 40.6079, 19.6977, 25.4951, 40.0000, 36.9853, 33.9706, 37.0540, 31.5753, 6.0000, 14.2127, 5.8310, 25.5539, 34.0588, 30.2655, 54.4518, 38.2884, 24.8395, 31.2410, 22.6383, 14.0357, 2.8284, 8.0623, 12.0416, 22.8473, 34.5254, 35.1652, 35.8050, 41.7732, 44.7772, 50.1199, 20.6155, 37.1214, 33.5607, 30.0000, 26.2488, 22.8035, 18.4391, 14.7648, 17.4643, 16.5529, 17.6918, 33.5410, 33.6006, 52.6308, 45.2769, 56.4004, 58.3042, 60.2080, 49.4065, 45.5412, 44.9110, 36.1248
Row 4: 161.1521, 74.8131, 149.3352, 36.2215, 155.2836, 154.3637, 153.4438, 146.2771, 150.2332, 123.7942, 117.8813, 81.2158, 78.2624, 54.2310, 57.3149, 40.2492, 33.3017, 17.4929, 17.2047, 30.5853, 43.9659, 65.0077, 78.2368, 68.0074, 85.2115, 77.8845, 89.1668, 100.4490, 97.7190, 119.9708, 95.2680, 119.5701, 98.6560, 101.0605, 103.4650, 126.3725, 113.9517, 123.4382, 111.0180, 121.2477, 119.2393, 114.7911, 107.8007, 103.5857, 89.9444, 81.8841, 68.2422, 49.8214, 31.4006, 57.9396, 66.0984, 77.8845, 86.6833, 30.8869, 78.3901, 25.4951, 88.2553, 21.3776, 31.0419, 40.7063, 58.4209, 35.4683, 28.1780, 25.9615, 26.2488, 14.1421, 20.3961, 13.6015, 9.8489, 19.2094, 20.2485, 31.7805, 18.8057, 5.8310, 25.0599, 19.3132, 33.1361, 21.4009, 15.2643, 19.2941, 23.3238, 14.4222, 29.4109, 26.0768, 22.5610, 30.5287, 30.3971, 30.2655, 20.0000, 41.0488, 25.3180, 27.0185, 16.1245, 17.1172, 24.0832, 22.8473, 21.0238, 25.4951, 22.6716, 33.0151, 44.8272, 56.6392, 46.0977, 47.3814, 49.6488, 38.3275

Subcarrier indices (all tones):
-122, -121, -120, -119, -118, -117, -116, -115, -114, -113, -112, -111, -110, -109, -108, -107, -106, -105, -104, -103, -102, -101, -100, -99, -98, -97, -96, -95, -94, -93, -92, -91, -90, -89, -88, -87, -86, -85, -84, -83, -82, -81, -80, -79, -78, -77, -76, -75, -74, -73, -72, -71, -70
=========================================
