156196060
156197418
156198153
156201954
156210151
156219171
156308622
156309357
156310488
156311221
156311956
156312689
156322720
156406763
156414947
156420310
156421044
156421779
156422513
156423524
156424268
156509154
156517351
156526052
156578814
156611563
156628662
156697268
156699678
156700413
156722150
156730897
156809774
156810513
156811247
156811981
156812716
156816358
156824550
156833589
156922218
156922953
156923909
156924643
156925378
156926950
156935997
157021159
157029349
157034745
157035484
157036218
157036953
157037687
157038422
157123561
157131746
157141112
157191052
157192599
157193334
157194137
157194872
157225960
157234150
157242865
157261042
157261971
157262705
157263439
157264173
157328362
157336551
157345291
157404798
157417977
157418711
157419438
157420172
157420905
157430835
157439418
157447696
157524770
157533156
157541353
157546762
157550063
157625074
157625928
157627150
157627884
157628618
157635561
157643753
157652587
157737957
157746148
157754960
157840356
157848721
157857259
157934342
157942758
157950947
157956366
157959709
158045156
158053352
158062093
158147555
158165158
158166107
158220883
158249955
158258151
158266975
158352356
158360846
158369717
158403206
158405313
158406071
158454759
158472147
158557163
158565806
158574287
158628396
158629130
158629916
158630651
158631385
158659558
158667753
158676724
158705874
158706892
158707627
158708361
158709095
158727776
158728688
158728999
158729964
158730186
158731877
158733500
158735794
158742036
158742780
158744249
158745155
158761962
158770151
158779359
158840543
158841425
158842160
158842955
158844215
158864357
158872545
158881317
158930313
158953244
158954477
158955211
158955946
158956680
158966758
158983902
159004649
159005383
159006117
159006852
159007679
159065745
159066620
159067355
159068089
159069058
159077493
159086934
159143263
159145394
159172234
159179748
159188646
159273962
159282763
159291953
159376354
159378895
159384546
159393550
159478759
159486949
159495761
159542848
159573367
159582003
159591089
159598668
159633754
159691754
159700482
159786334
159797894
159802921
159838774
159839508
159840243
159841026
159841761
159888358
159896547
159900302
159990754
159998948
160009586
160093154
160101353
160111005
160124581
160125315
160126050
160126784
160127518
160195554
160212519
160231955
160232688
160233599
160234341
160235075
160306147
160315997
160344500
160345233
160345968
160348115
160348850
160400359
160408547
160417325
160446093
160446304
160502755
160510947
160520118
160547974
160548134
160605154
160613346
160622144
160708076
160724963
160791854
160792791
160793525
160794259
160794994
160809957
160826923
160829139
160829873
160830607
160831342
160832076
160905287
160906021
160906756
160907490
160908402
160912356
160929558
160940023
160940757
160941491
160942225
160942960
160956728
160960526
160961260
161014754
161016996
161017730
161018464
161019397
161020131
161022952
161031724
161052539
161053273
161054008
161055714
161056449
161072167
161072902
161073636
161074371
161075105
161117159
161130250
161130984
161131718
161133125
161133859
161135017
161169360
161170094
161171024
161171758
161175608
161197805
161227753
161237408
161282562
161293435
161295578
161297795
161298529
161299263
161299998
161300732
161321957
161330145
161339371
161405965
161406871
161407606
161408340
161409074
161424361
161432553
161442217
161518520
161519254
161519989
161520780
161521586
161526758
161534947
161544362
161614387
161615121
161615855
161616589
161617324
161618803
161629160
161631102
161631837
161632571
161633304
161634040
161637347
161646152
161727558
161728292
161729027
161729817
161730597
161731555
161739752
161749403
161774015
161833956
161839401
161840136
161840871
161842146
161843876
161850949
161936359
161944548
161953864
161962894
162038757
162056175
162113851
162116024
162141159
162149347
162159360
162185113
162226426
162227189
162227923
162228658
162229392
162251753
162260869
162338941
162339689
162340423
162341157
162341892
162345956
162354153
162359893
162363110
162448355
162451411
162452150
162452885
162453619
162454354
162456545
162465899
162550758
162558947
162567848
162608898
162609632
162610387
162611685
162612623
162661354
162670977
162763757
162773398
162857954
162866152
162875146
162960353
162968551
162977348
163037591
163062759
163080139
163100434
163165407
163182542
163234127
163267559
163284556
163361412
163369960
163378154
163387397
163472361
163480548
163489372
163536773
163574754
163582954
163592200
163666014
163677156
163695033
163771146
163787753
163796587
163817786
163819258
163838345
163882604
163890144
163898969
163934542
163984353
163992550
164001365
164034591
164042951
164043685
164044588
164045323
164046102
164086757
164094952
164103750
164144111
164145021
164145333
164146520
164147058
164147236
164148204
164148939
164150599
164156601
164157336
164158070
164158805
164159539
164189153
164197478
164206179
164252934
164257241
164258124
164258859
164259593
164260328
164299754
164308570
164369460
164370196
164371056
164371826
164372560
164393956
164411419
164418842
164419576
164420311
164421045
164421779
164481965
164482839
164483574
164484308
164485042
164496356
164504549
164514268
164589883
164598761
164606952
164615778
164653533
164701158
164709344
164718189
164803560
164811750
164812659
164820964
164834290
164835025
164835759
164836493
164837227
164874901
164907270
164914154
164922979
164969636
164994689
165025991
165037294
165038193
165038933
165039776
165040611
165094611
165095358
165106690
165107448
165108182
165108961
165109836
165112130
165119163
165128221
165213161
165218346
165219082
165219816
165220551
165221285
165222019
165231067
165315557
165316769
165317504
165318238
165318972
165320271
165323750
165332594
165373982
165417956
165422121
165425016
165435169
165520356
165528545
165534640
165535374
165536109
165536944
165537679
165540325
165541059
165542158
165542893
165543627
165622760
165630949
165639800
165652940
165653674
165655121
165655855
165656589
165725158
165733351
165742627
165760280
165761014
165761748
165762483
165763217
165827557
165835751
165844944
165929960
165938146
165947849
166032472
166040566
166050014
166076756
166076907
166134755
166142952
166151808
166209365
166211555
166212761
166213495
166244653
166245387
166246476
166247210
166247945
166254629
166323053
166323788
166324522
166325256
166325990
166339557
166347747
166356606
166358646
166359380
166360114
166360847
166361583
166375802
166379824
166380565
166435596
166436330
166437064
166437799
166439032
166441956
166450146
166459447
166469675
166470409
166471143
166472369
166473103
166488284
166489019
166489753
166490487
166491222
166544354
166552544
166561409
166582209
166582943
166583677
166584412
166585363
166601709
166602959
166603693
166604428
166605162
166647261
166654948
166663814
166709075
166713324
166714058
166714793
166715527
166716261
166739559
166749390
166757349
166766215
166822647
166823381
166824115
166824850
166825718
166860086
166868614
166934065
166934799
166935534
166936344
166937079
166953960
166962150
166971013
167030921
167031878
167032612
167046566
167047300
167048035
167050032
167050766
167056359
167064550
167073755
167142779
167143513
167144247
167144982
167145716
167166951
167175801
167185017
167255364
167256098
167256833
167257567
167258301
167261158
167269347
167278647
167363557
167367954
167368688
167369422
167370156
167370891
167380625
167458632
167465961
167483017
167530881
167532937
167576552
167586243
167643398
167644137
167644871
167645606
167646340
167670755
167678953
167687827
167755855
167756589
167757385
167758119
167759378
167773154
167779222
167779956
167780691
167781425
167782160
167791086
167868394
167869133
167869867
167870601
167871335
167875559
167883747
167893078
167977956
167986153
167996154
168026177
168026912
168027646
168028380
168029114
168080357
168088553
168097422
168182752
168190949
168200202
168285157
168293346
168303041
168395751
168405515
168489955
168498150
168507026
168592357
168610322
168666241
168694754
168702950
168712709
168797160
168805349
168814665
168899554
168907745
168916738
169002038
169010145
169013894
169014628
169015362
169016097
169016831
169020473
169104359
169112586
169121445
169206758
169214953
169224719
169233378
169234157
169309156
169317973
169326308
169411559
169419749
169429017
169458872
169459606
169460340
169461624
169462358
169531474
169560820
169561730
169562043
169563230
169563795
169563918
169570209
169570943
169571677
169572412
169573146
169610831
169611735
169612788
169613523
169616353
169624550
169633874
169673635
169674371
169675110
169675845
169676579
169718756
169726945
169735843
169786223
169787099
169787833
169788568
169789302
169829345
169835090
169835824
169837909
169838662
169839380
169840114
169898752
169899627
169900361
169901095
169901829
169923559
169931750
169941078
169948399
169949133
169950627
169951361
169952094
170025956
170034145
170043052
170128351
170136547
170146426
170230759
170238947
170248796
170333160
170341350
170350264
170374491
170375225
170377337
170378071
170378805
170384426
170385357
170386091
170387324
170388287
170422071
170435552
170443751
170452897
170537956
170555060
170648551
170657504
170733529
170734263
170735114
170735848
170736583
170750948
170783496
170836461
170845882
170863133
170947556
170948949
170949683
170950417
170951151
170951886
170955747
170957434
170958168
170959079
170959814
170960548
170965100
171049957
171058145
171061560
171062294
171063028
171063763
171064497
171067309
171070726
171071460
171072195
171072937
171073748
171149560
171170343
171172905
171173639
171174374
171175453
171176701
171197485
171205024
171208755
171243479
171244725
171245460
171246194
171246931
171254752
171262946
171272001
171296920
171297654
171298388
171299123
171299857
171357153
171374269
171425207
171425941
171426676
171428911
171459776
171467750
171477109
171561960
171570151
171579486
171628904
171629639
171630893
171631627
171632361
171662046
171662780
171663514
171664248
171665443
171672549
171681842
171766756
171774533
171775267
171776599
171777334
171778068
171784632
171869152
171877346
171886723
171904431
171905165
171905900
171906634
171907368
171968948
171969682
171970700
171971436
171972170
171988833
172001698
172002432
172003166
172003900
172004634
172073957
172082145
172091517
172123267
172124776
172128841
172129575
172130309
172131043
172131778
172164954
172176351
172184549
172189905
172193483
172224502
172225235
172225970
172226705
172227439
172235725
172236461
172237193
172238344
172239079
172266447
172267259
172267994
172268728
172269462
172278757
172286594
172287329
172288063
172288786
172289520
172296324
172348276
172349010
172349745
172350479
172351213
172381159
172398294
172446656
172447621
172448357
172460811
172461546
172462280
172463014
172463749
172483550
172491748
172500702
172558544
172559278
172560012
172560747
172561481
172585958
172594145
172595602
172603960
172671161
172671895
172673175
172673909
172674644
172688351
172705659
172784563
172786407
172787142
172787876
172788610
172790756
172798945
172808208
172815639
172816374
172817108
172817842
172818593
172893153
172901350
172910870
172924496
172925230
172925964
172927326
172928064
172948705
172950340
172995556
173013193
173061138
173061877
173062611
173063346
173064080
173097954
173106151
173115097
173173659
173174398
173175132
173175866
173176600
173200355
173208544
173217796
173286188
173286927
173287662
173288396
173289130
173302759
173319897
173405152
173413611
173423169
173444892
173445626
173446360
173447094
173448312
173471745
173507555
173515743
173526566
173556877
173557031
173560200
173609955
173618145
173627970
173669679
173670413
173671304
173672038
173673044
173680932
173720545
173730380
173814756
173822946
173831896
173917545
173925347
173934302
174019557
174027745
174036706
174121957
174130143
174139538
174224356
174232542
174242374
174326758
174334946
174344346
174429156
174437342
174446313
174531555
174539744
