========== CSI SUMMARY REPORT ==========
Filename: /home/obak-b/Documents/PicoScenes/rx_4_251205_HandsUpDown.csi
Total frames parsed      : 2126
Frames with CSI          : 2126
Subcarriers per frame    : 53

---- Timing ----
Capture duration         : 31.903 s
Average CSI rate         : 66.64 packets/s
Derived FPS (from dt)    : 66.61 Hz

---- MAC Addresses ----
00:D4:9E:7F:45:04
08:7E:64:11:0B:9F
0C:FE:7B:8C:AB:19
14:13:33:21:85:6F
14:13:33:21:9E:11
14:13:33:21:A2:15
14:13:33:21:AD:9B
14:13:33:3D:EF:97
14:13:33:3E:3B:A3
14:13:33:57:41:57
14:13:33:57:43:B1
14:13:33:57:44:7D
14:13:33:7C:2B:63
14:13:33:7C:41:5B
14:13:33:7C:51:F7
14:13:33:7C:58:79
24:4B:FE:BE:FF:DC
34:6F:24:BC:0F:3D
34:6F:24:BC:96:EB
40:16:3B:62:9E:04
48:4B:D4:66:41:8A
6C:4B:B4:6C:2D:5C
70:13:01:CA:04:89
7E:57:ED:5A:3B:69
94:F7:BE:B7:E5:83
96:F7:BE:F7:E5:83
98:9D:5D:DB:5D:62
BC:75:36:50:CF:06
C0:A0:0D:33:3D:D3
C6:A0:0D:33:3D:D3
D8:D8:E5:B3:51:14
DC:EB:69:03:CD:F9
E4:F0:42:66:E7:5C
EC:F0:0E:6F:79:FC
F6:FF:30:DF:5F:A9
FE:F5:F0:0D:93:55

Primary TX MAC: 24:4B:FE:BE:FF:DC
Primary RX MAC: 34:6F:24:BC:0F:3D

---- Antenna Information ----
TX Antennas (numTx): 1    MAC: 24:4B:FE:BE:FF:DC
RX Antennas (numRx): 2    MAC: 34:6F:24:BC:0F:3D

---- CSI Matrix ----
CSI matrix shape (frames x tones): 2126 x 106

First 5 rows of amplitude matrix:
Row 0: 83.1685, 62.3699, 77.7946, 69.3542, 70.0286, 73.8633, 77.6981, 79.9813, 79.2591, 77.7817, 76.0592, 72.1803, 70.2140, 67.5426, 62.7694, 59.6406, 57.0088, 53.9073, 51.7397, 52.1853, 52.6308, 54.6717, 60.2080, 64.3506, 68.7677, 71.6101, 72.8523, 74.0945, 85.4283, 93.9628, 84.1724, 84.2140, 84.0952, 81.0988, 78.1025, 67.6240, 62.6099, 56.8243, 50.1199, 45.1774, 41.6293, 37.3363, 34.7131, 35.0000, 40.1995, 45.5412, 50.6360, 59.8759, 69.1158, 73.0000, 80.1561, 83.8630, 95.6033, 70.1783, 37.3363, 47.5079, 38.0526, 45.0000, 49.4258, 53.8517, 58.0000, 63.3246, 65.7951, 66.6108, 65.3911, 62.5859, 63.0714, 61.6604, 59.8080, 56.6039, 53.0754, 51.8652, 48.7854, 45.7056, 42.0000, 33.8378, 31.3050, 28.6007, 21.9317, 19.8118, 17.6918, 17.6918, 19.4165, 16.0000, 20.0250, 26.0192, 32.6183, 39.2173, 48.2597, 52.4023, 54.8179, 57.8014, 58.3095, 60.4152, 59.0339, 57.7062, 56.3027, 53.5350, 48.7955, 45.7930, 42.3516, 38.9102, 41.7732, 45.3100, 48.0416, 54.0833
Row 1: 98.4937, 133.6451, 217.3315, 161.3072, 152.7383, 145.7900, 138.8416, 118.4314, 120.4159, 88.4816, 78.7718, 63.9531, 56.9386, 51.4004, 48.8365, 51.8652, 58.6003, 68.9420, 80.5295, 93.7998, 107.0701, 119.4738, 140.4172, 153.4959, 160.8509, 171.2921, 172.7810, 174.2699, 185.0432, 194.4865, 206.1698, 201.4572, 210.7605, 213.8296, 216.8986, 210.4471, 217.1474, 212.4265, 215.1279, 214.7231, 212.4170, 209.8809, 203.6296, 201.3082, 192.3461, 190.6725, 179.1368, 164.7565, 150.3762, 153.7010, 134.2721, 137.1787, 115.2779, 28.7924, 58.6941, 129.2826, 131.0458, 32.2025, 31.9915, 31.7805, 30.6105, 32.4500, 32.0624, 35.3412, 35.6090, 38.2753, 39.5601, 43.0465, 44.9110, 46.5188, 45.0000, 48.8262, 50.9885, 53.1507, 52.9528, 61.5549, 67.2309, 70.2140, 75.1665, 77.1212, 79.0759, 85.0941, 99.0051, 110.6752, 110.1363, 116.7262, 120.6949, 124.6635, 124.0363, 128.9729, 126.4002, 126.2418, 125.1958, 124.6154, 126.3171, 125.2078, 127.2831, 128.3783, 130.8167, 128.0000, 127.4114, 126.8227, 135.7240, 121.2642, 127.6127, 110.6436
Row 2: 98.4937, 129.4682, 216.1227, 159.2388, 153.1829, 146.8072, 140.4315, 120.2206, 120.2040, 90.3770, 81.0247, 65.8559, 57.3847, 50.6063, 48.0208, 51.0000, 58.1808, 66.6483, 81.3019, 94.0668, 106.8316, 120.6524, 138.8524, 154.0130, 160.2280, 171.6188, 172.6483, 173.6779, 187.4913, 191.9713, 202.7141, 199.9700, 211.7286, 213.8284, 215.9282, 208.5210, 217.1129, 210.6419, 216.5179, 212.5582, 212.0024, 206.8260, 201.6135, 199.1231, 192.3461, 188.3029, 175.5477, 162.6354, 149.7231, 151.4761, 132.2422, 134.2013, 119.4027, 32.5269, 56.6392, 122.2497, 129.0271, 33.5410, 32.7236, 31.9061, 29.0000, 32.5730, 32.3110, 35.0571, 37.3631, 39.2046, 41.3401, 42.2019, 41.3038, 46.0977, 49.0408, 49.2443, 51.0087, 52.7731, 51.4782, 60.1664, 65.0692, 68.6804, 77.1038, 78.3765, 79.6492, 90.8240, 97.4936, 105.5509, 107.7126, 117.3456, 118.7249, 120.1041, 122.1188, 129.4488, 124.9080, 128.0820, 124.4869, 122.7721, 125.7338, 125.7179, 127.0945, 125.1958, 130.9733, 130.2498, 128.7213, 127.1928, 133.8806, 121.6429, 125.8650, 108.4666
Row 3: 99.6243, 129.2478, 213.6937, 157.6483, 153.2188, 147.1874, 141.1559, 119.7080, 120.5985, 88.1022, 79.8812, 64.8151, 57.6281, 50.8035, 48.3011, 53.8516, 59.1354, 69.6419, 80.5295, 93.9886, 107.4477, 118.2582, 139.0863, 153.1698, 159.0283, 171.6421, 171.3342, 171.0263, 183.9185, 190.5597, 202.7807, 199.1005, 207.0869, 209.5352, 211.9835, 207.0869, 214.7673, 210.5445, 213.0094, 211.0095, 206.6131, 206.3056, 199.7523, 198.1161, 189.4466, 187.2672, 174.5222, 161.4585, 148.3947, 150.7117, 129.8499, 133.5440, 116.4818, 31.8277, 51.4004, 111.3059, 110.8016, 30.3645, 30.6257, 30.8869, 27.0185, 29.4109, 30.0167, 32.0624, 35.1141, 35.0000, 37.4433, 38.6005, 38.2099, 41.1096, 42.4382, 43.0116, 45.0111, 47.0106, 50.9215, 53.5350, 57.9741, 62.0725, 69.0797, 69.5398, 70.0000, 78.6448, 86.7006, 94.2019, 95.4620, 101.0445, 105.8079, 110.5713, 108.4620, 113.4637, 111.4002, 113.6002, 112.0089, 110.2225, 111.8302, 111.5079, 114.5862, 111.8258, 115.9181, 115.3516, 114.9144, 114.4771, 120.7021, 106.5317, 109.1787, 93.0054
Row 4: 99.6092, 132.5028, 215.2812, 155.4156, 154.1850, 148.0044, 141.8238, 119.6202, 121.0372, 89.0056, 81.1542, 65.1230, 58.0000, 50.6360, 49.3356, 50.0899, 59.9083, 67.2012, 81.0247, 94.2245, 107.4244, 120.4201, 137.4809, 153.4698, 159.2011, 170.0382, 170.2438, 170.4494, 185.1729, 188.5206, 200.5617, 196.9568, 207.6463, 210.0034, 212.3605, 205.5432, 213.6001, 208.5402, 211.9292, 209.6092, 206.6349, 205.4118, 198.4868, 196.5960, 187.0107, 186.2713, 174.7226, 160.2619, 145.8012, 149.2146, 126.6689, 131.7460, 114.5469, 30.4631, 56.8507, 124.4829, 128.5496, 35.6931, 34.8319, 33.9706, 30.0832, 34.0147, 33.4216, 35.8050, 35.1141, 38.0526, 42.9535, 42.0595, 43.8634, 45.4863, 46.4866, 48.2597, 50.7851, 53.3104, 54.0370, 60.5392, 67.6018, 68.3593, 72.1110, 75.1707, 78.2304, 89.8053, 94.5410, 100.0200, 105.0000, 112.1784, 116.1434, 120.1083, 120.6731, 123.4909, 123.3572, 127.1416, 126.1269, 127.0590, 125.7338, 122.6132, 127.1220, 123.5557, 130.0615, 129.0310, 125.4745, 121.9180, 132.8834, 119.5491, 122.5887, 104.0000

Subcarrier indices (all tones):
-26, -25, -24, -23, -22, -21, -20, -19, -18, -17, -16, -15, -14, -13, -12, -11, -10, -9, -8, -7, -6, -5, -4, -3, -2, -1, 0, 1, 2, 3, 4, 5, 6, 7, 8, 9, 10, 11, 12, 13, 14, 15, 16, 17, 18, 19, 20, 21, 22, 23, 24, 25, 26
=========================================
