232305188
232348850
232349585
232350319
232351054
232351788
232387533
232395722
232405861
232489927
232498125
232508026
232530651
232531888
232533914
232592326
232600524
232610693
232643174
232643914
232644647
232645382
232646116
232702916
232713071
232755645
232756379
232757414
232758149
232758883
232805322
232815484
232868173
232868912
232869647
232870381
232871115
232907717
232917696
233010121
233020301
233038506
233040578
233041312
233042137
233042871
233043745
233104327
233112515
233123497
233206731
233214919
233225795
233309130
233317318
233327236
233407278
233419722
233429888
233513932
233516570
233517574
233518308
233519339
233520073
233522120
233532309
233617037
233624523
233634723
233718727
233726922
233735129
233736700
233737582
233738186
233738920
233739654
233821130
233839518
233931719
233941905
234025925
234034123
234044473
234128326
234136524
234146717
234201667
234202868
234238919
234249251
234333124
234341322
234351531
234426235
234426970
234427704
234428438
234429173
234453979
234537928
234538829
234539738
234540472
234541207
234541941
234546122
234556324
234569032
234569943
234570254
234571432
234571980
234572076
234573941
234640328
234648517
234659278
234682137
234682958
234683692
234684426
234685160
234742730
234750917
234756646
234757381
234758115
234758849
234759583
234761129
234792583
234794867
234795602
234796486
234797220
234797954
234830109
234831024
234832749
234840419
234841238
234842009
234842869
234843680
234845125
234853119
234853854
234854588
234855322
234856055
234863244
234891974
234913037
234913822
234914556
234915291
234916025
234930496
234931230
234931963
234932699
234933433
234947526
234949576
234950310
234951717
234952451
234953185
234955720
234965636
235046044
235046778
235047513
235048247
235048981
235049922
235058123
235068340
235170758
235254841
235273632
235348517
235357130
235365228
235365962
235366696
235368189
235368924
235375548
235382152
235382886
235383621
235384355
235385089
235459525
235467721
235477962
235580354
235682757
235774919
235785898
235818049
235821170
235821904
235854153
235854887
235855622
235856356
235857090
235869132
235877316
235887585
235928244
235928977
235930287
235931420
235932154
235969686
235970420
235971431
235972764
235973499
235980159
235989961
236041925
236042659
236043393
236044128
236044862
236079132
236079867
236080600
236081335
236082069
236082803
236092366
236153907
236154641
236155376
236156110
236156845
236184520
236196069
236278723
236286920
236297195
236365907
236366641
236367375
236368109
236368843
236389597
236399645
236491715
236501982
236594121
236604383
236666047
236666781
236668121
236688330
236696514
236706791
236751502
236752235
236752970
236753704
236754439
236777504
236780055
236780789
236781523
236782258
236782992
236786434
236787689
236788688
236789423
236790157
236790896
236798919
236809596
236864719
236865962
236866697
236867431
236868165
236889521
236890255
236892054
236893033
236893768
236898008
236898742
236899477
236900211
236900945
236901679
236915387
237003200
237003934
237004668
237005402
237006137
237010529
237011263
237012165
237013136
237013871
237014511
237097929
237104096
237106284
237107569
237116606
237200325
237208516
237216584
237217628
237218362
237219135
237219767
237220501
237302729
237321197
237405124
237413321
237423607
237427098
237433200
237441670
237442404
237443139
237443873
237444607
237507529
237515722
237526019
237538688
237539422
237540156
237540890
237541625
237609925
237618114
237628424
237651177
237651910
237653178
237653912
237654645
237712328
237730831
237764890
237765624
237766359
237767093
237767827
237814727
237822914
237833225
237917127
237925316
237935621
237948804
237949655
237950797
238019525
238028335
238039021
238059945
238060684
238061419
238062153
238063378
238121941
238130120
238140422
238172472
238173206
238173962
238174696
238175481
238224322
238232521
238242883
238284918
238285653
238286638
238287372
238288105
238326728
238334919
238345223
238429123
238447629
238531524
238539715
238550033
238633921
238642118
238652561
238736324
238744514
238754839
238838727
238846917
238857248
238941125
238949316
238959734
239043524
239051715
239062076
239164481
239242296
239248324
239256521
239267258
239350721
239358920
239369290
239453127
239472076
239487769
239563716
239574473
239604025
239614820
239617425
239618285
239657927
239666114
239676646
239760328
239768521
239779266
239830421
239831155
239831889
239832623
239833357
239841166
239841900
239842647
239843928
239844662
239862720
239881275
239954420
239955155
239955890
239956624
239957358
239965121
239972239
239972973
239973706
239974398
239975132
239975866
239984132
239985670
239986109
239986871
239987335
239988554
239989115
239989300
240067521
240075719
240086034
240098509
240099384
240100118
240101372
240102105
240169927
240178112
240188442
240211088
240211822
240212609
240213344
240214078
240235407
240236176
240236911
240237644
240238379
240272321
240280520
240291267
240323675
240324550
240325284
240326018
240326753
240346540
240347274
240348008
240348742
240349476
240374727
240382915
240393690
240477122
240485319
240496094
240585556
240587720
240598503
240681925
240690114
240700904
240756766
240792512
240803087
240886722
240894919
240905703
240997316
241005739
241006473
241007207
241007980
241091521
241099716
241110113
241159264
241202115
241212448
241227324
241228058
241228793
241229527
241230261
241231263
241233308
241271788
241272524
241273258
241274052
241274787
241285945
241297118
241304516
241315306
241334928
241335662
241336396
241341256
241341991
241343441
241344175
241344909
241345643
241346378
241384329
241385063
241386005
241386739
241387977
241398721
241406919
241417334
241454780
241455516
241456250
241456985
241457719
241496850
241497584
241498318
241499052
241499786
241501686
241509312
241520090
241567257
241567991
241568725
241569460
241570194
241603521
241611718
241622599
241705926
241724891
241808323
241816512
241827305
241918918
241929709
242013126
242032023
242057224
242057958
242058693
242059457
242060345
242082264
242082996
242083732
242084466
242085199
242115524
242123714
242134403
242170928
242171663
242172397
242173131
242173866
242189636
242195359
242196094
242197357
242198091
242198825
242202538
242204037
242217927
242226118
242236471
242273477
242274211
242274945
242275678
242276414
242282368
242283102
242284145
242284880
242285614
242307873
242308607
242309342
242310076
242310810
242315118
242315853
242316587
242317321
242318422
242320328
242328512
242338952
242420858
242421592
242422721
242423970
242424704
242427515
242428249
242428983
242429717
242430452
242442103
242521649
242522390
242525118
242533313
242540032
242540766
242541501
242542235
242543667
242545342
242627525
242632165
242632899
242633633
242634368
242635102
242635834
242646512
242729925
242738113
242744741
242745475
242746209
242746943
242748175
242748907
242832327
242840516
242842644
242843376
242844112
242845409
242846455
242851335
242953055
242954050
242954785
242955519
242956253
242956987
243010440
243037121
243045320
243055443
243057348
243067097
243067832
243068566
243069300
243070035
243139525
243147718
243160164
243179233
243180139
243180874
243181949
243182683
243190105
243241924
243250263
243260922
243344327
243352518
243362334
243363084
243364418
243365152
243432664
243446722
243454919
243464963
243480078
243480817
243481551
243482285
243483019
243497987
243549125
243557313
243568274
243588022
243588951
243589685
243590419
243651528
243659717
243670285
243699760
243700749
243701483
243702218
243702951
243745878
243753919
243762115
243772693
243856320
243864520
243875328
243876499
243877233
243877967
243878702
243879435
243966911
243977280
244061124
244069316
244080123
244099822
244100557
244101291
244102025
244103038
244161864
244171715
244182306
244215838
244216573
244217307
244218534
244219269
244265926
244285228
244376517
244386888
244421292
244470724
244478918
244489915
244592157
244694229
244777923
244796751
244827020
244888517
244899361
244982722
245001751
245028462
245030705
245034442
245044842
245045710
245046919
245048137
245093313
245103636
245187522
245195710
245206426
245254676
245255410
245256144
245257560
245258295
245298111
245308968
245331252
245366162
245366896
245367630
245368365
245369568
245392322
245400511
245403908
245404821
245405130
245406095
245406226
245411528
245494726
245502917
245513053
245516815
245517690
245518424
245519631
245520365
245597123
245605315
245616143
245629404
245630138
245631023
245631757
245632491
245649560
245650294
245651831
245652565
245653299
245718541
245741991
245743099
245743833
245744568
245745302
245801922
245820465
245904326
245922674
246025536
246109121
246117736
246128147
246211518
246219716
246230121
246313924
246322116
246332532
246416322
246424512
246435143
246467381
246468114
246468849
246469583
246470826
246537322
246575630
246577174
246621120
246629309
246639940
246688172
246688907
246689641
246690822
246691558
246724221
246731711
246742122
246757519
246758253
246758988
246759722
246760456
246800948
246802500
246803233
246804181
246805077
246825921
246834119
246844533
246868933
246869667
246870401
246871136
246871870
246913253
246913987
246914721
246915455
246916190
246928880
246936516
246947336
246981493
246982228
246982962
246983696
246984431
247030719
247038911
247049826
247141312
247152306
247235524
247243718
247254129
247314874
247315608
247316872
247317607
247318341
247338063
247356362
247440324
247458941
247475278
247476514
247477282
247478017
247478751
247499294
247500028
247542720
247561250
247590604
247591338
247592073
247592807
247593541
247610422
247611157
247611891
247612625
247613388
247619223
247619989
247620777
247645119
247663432
247700308
247701043
247701777
247702541
247703275
247722243
247722978
247723712
247724446
247725181
247731970
247732704
247733438
247734195
247734929
247747536
247765932
247836553
247837287
247838021
247838756
247839490
247841322
247858113
247869179
247934874
247937580
247943755
247956804
247957538
247958273
247959007
247959741
247960511
247970763
248055531
248062913
248073344
248159955
248160689
248161423
248162158
248162892
248175473
248246348
248256812
248258066
248258830
248260144
248267715
248272814
248273549
248274283
248275033
248275768
248278600
248370116
248380400
248464361
248481592
248482326
248483070
248483774
248484508
248485242
248585345
248595425
248596160
248596894
248597628
248598362
248669123
248677317
248687747
248730430
248731565
248732299
248733034
248733768
248771522
248779811
248781193
248790139
248835593
248836326
248837062
248838352
248839087
248873926
248890945
248891684
248892437
248893532
248894527
248895262
248945990
248946724
248947470
248948233
248949201
248984513
248994648
249003648
249004580
249005379
249006113
249006847
249014784
249015518
249016627
249017362
249018425
249031732
249032731
249033466
249034612
249035378
249040649
249078717
249081379
249086912
249097596
249104605
249115922
249116855
249117590
249118324
249119058
249199724
249292699
249293433
249302136
249404325
249488323
249496512
249507544
249519875
249520609
249521343
249522077
249522812
249590717
249609359
249632253
249634462
249635920
249636654
249638026
249693125
249701313
249711972
249803711
249814377
249917014
250018974
250110915
250121324
250186151
250187042
250187776
250188948
250189682
250205121
250213310
250223532
250307520
250315716
250325887
250409921
250418110
250428586
250443724
250445280
250520516
250530734
250614722
250622911
250633382
250717119
250725314
250736224
250772098
250782311
250783045
250783823
250784557
250785290
250819521
250822012
250826004
250826110
250827715
250838623
250921918
250934756
250935630
250936364
250937098
250937833
250940576
251024321
251032513
251042697
251047342
251048218
251049015
251049749
251050484
251065158
251065892
251066839
251067573
251068307
251126716
251145827
251159963
251160698
251161548
251162283
251163017
251178395
251179606
251180340
251181074
251182533
251248242
251331520
251339710
251350628
251433920
251443493
251452586
251536317
251544512
251554983
251646931
251657599
251741124
251749312
251759800
251843526
251851708
251861944
251946284
251954107
251965041
252056511
252058191
252060186
252066997
252105729
252106463
252107367
252108102
252108836
252150716
252169241
252171410
252172144
252172878
252173613
252174347
252189949
252218273
252219007
252219789
252220541
252221275
252238565
252239299
252240033
252240768
252242021
252253118
252272250
252283293
252284028
252284762
252286051
252287336
252295471
252296206
252296940
252297674
252298408
252331786
252333513
252334247
252334982
252335714
252355520
252374400
252395771
252396505
252397530
252398264
252398998
252457922
252476355
252568510
252579520
252617341
252618075
252618849
252619584
252620546
252662715
252670913
252681412
252773312
252784253
252867517
252875715
252886206
252908442
252909448
252915097
252915831
252916565
252917300
252918033
252969916
252978113
252989052
253003772
253004558
253005292
253006578
253007312
253027560
253028495
253029230
253029964
253030698
253035678
253072323
253091230
253118960
253119694
253120429
253121163
253122140
253140024
253140758
253141492
253142227
253142961
253148196
253148930
253149669
253150598
253151332
253182913
253193376
253231553
253232287
253233412
253234146
253234880
253253944
253254678
253255413
253256147
253256881
253261891
253262625
253263359
253264176
253264910
253277122
253285310
253295538
253350601
253352615
253370968
253373476
253374210
253374945
253375965
253376701
253387710
253398813
253463127
253463861
253464596
253465329
253466064
253481916
253490114
253501077
253575658
253576392
253577355
253578089
253578852
253584318
253602741
253621783
253672106
253674704
253675438
253678728
253686715
253688210
253688945
253689679
253690601
253691336
253694973
253705857
253739738
253785274
253786008
253786742
253787477
253788211
253789116
253797313
253807761
253892215
253897168
253897902
253898636
253899384
253900119
253901118
253909924
253952112
253953028
253972407
253993920
254002108
254009708
254010442
254011177
254011911
254013175
254013834
254096314
254099929
254100663
254101398
254102132
254102866
254104513
254114848
254120950
254121685
254122419
254123153
254124259
254195191
254195973
254196716
254197450
254198717
254206909
254217142
254301122
254306534
254307297
254308032
254308766
254309500
254320237
254403520
254411708
254419352
254422670
254423404
254505989
254514107
254524833
254531521
254532260
254532994
254533728
254534462
254608318
254616507
254626762
254710930
254718909
254729428
254813372
254821307
254831554
254834114
254835013
254835985
254836719
254837453
254844641
254845653
254846387
254847121
254848291
254915567
254923714
254934825
254974577
255017919
255026112
255037092
255120318
255128512
255138952
255166952
255167686
255168420
255169154
255169888
255214185
255222716
255242005
255325118
255333309
255343814
255427522
255435706
255445959
255529922
255538111
255548359
255632317
255640511
255650752
255753626
255837114
255845311
255855587
255857112
255939521
255947709
255957996
256041919
256050107
256060381
256082221
256082956
256083975
256084709
256085443
256144314
256152511
256163252
256194753
256195488
256196222
256196956
256197690
256215692
256216918
256239202
256240242
256241056
256242937
256243671
256245285
256246365
256247182
256248863
256252224
256252959
256253693
256254465
256255200
256256341
256265391
256330867
256331601
256332335
256333069
256333804
256348494
256349453
256350188
256350922
256351656
256352678
256353412
256354146
256354881
256355615
256357311
256367855
256435848
256436583
256437454
256438188
256438923
256451519
256459708
256464605
256465339
256466247
256466981
256467715
256470448
256481776
256482510
256485028
256485763
256486497
256546298
256547031
256547766
256548500
256549235
256553913
256562111
256572597
256577134
256577869
256578672
256579406
256580139
256593481
256594215
256594949
256595976
256596711
256656314
256664511
256675514
256758721
256766911
256777682
256861117
256869305
256879571
256963516
256971712
256981977
257065919
257074107
257085611
257168315
257176512
257186779
257221334
257270718
257278908
257289195
257373120
257381306
257391579
257411522
257414243
257415187
257415921
257474478
257476362
257483712
257494055
257524042
257524776
257525510
257526269
257527003
257577916
257586105
257596421
257636562
257637296
257638031
257639512
257640246
257680319
257688506
257698809
257700148
257700882
257701616
257702350
257703085
257751513
257752247
257752981
257753715
257754449
257782717
257802408
257810922
257811657
257812658
257813392
257814126
257885119
257893307
257903587
257987514
258006013
258076765
258089916
258098104
258108602
258192317
258200507
258210802
258294719
258302905
258309182
258309916
258310650
258311385
258312642
258313376
258332359
258333094
258333828
258334562
258335297
258397123
258415607
258444844
258445578
258446312
258447046
258447781
258499513
258518020
258534869
258535603
258536337
258537072
258537806
258557323
258558057
258558792
258559526
258560260
258563949
258564684
258565418
258566153
258566887
258601915
258620872
258648927
258649661
258650395
258651130
258651864
258652766
258653501
258654235
258654969
258655703
258669881
258670616
258671351
258672085
258672819
258673973
258674707
258675441
258676176
258677426
258704314
258712512
258723339
258741659
258742394
258743128
258743862
258744596
258763492
258764226
258765772
258766506
258767253
258789102
258789836
258790570
258791349
258792084
258806716
258814904
258825203
258877797
258878530
258879265
258879999
258880733
258909116
258917304
258927712
258939211
258990295
258991029
258991763
258992497
258993231
259011514
259019709
259030035
259087391
259088134
259088868
259089602
259102823
259103558
259104292
259105026
259105760
259113920
259122105
259132428
259198964
259199698
259200433
259201167
259201902
259216314
259224509
259234929
259311577
259312311
259313661
259314395
259315130
259318714
259326912
259337209
259421113
259424172
259424929
259425663
259426619
259427353
259429310
259439930
259523661
259531707
259545877
259610183
259625918
259634112
259644441
259723950
259724684
259725418
259726153
259726887
259728313
259736512
259746815
259769905
259771150
259771885
259772619
259773353
259835452
259836186
259837115
259837849
259838583
259839317
259849395
259933119
259941306
259947984
259948723
259949948
259950947
259951691
259953716
259967513
259968247
259970034
259970769
259971503
260035513
260043707
260054043
260128734
260129468
260130202
260130936
260133056
260137911
260156474
260240317
260258841
260342713
260350911
260361376
260377991
260378924
260379687
260380421
260381175
260388225
260388961
260389888
260390622
260391357
260445201
260453312
260463626
260547516
260555710
260566213
260658370
260752313
260760503
260770962
260854711
260862910
260873251
260957114
260965305
260975635
261059512
261067708
261078081
261130559
261140396
261161914
261166496
261180699
261264391
261270932
261272471
261273211
261282864
261325072
261325806
261326889
261327624
261328358
261374906
261385241
261448238
261469113
261477311
261487651
261496771
261497505
261498309
261499044
261499778
261563545
261590060
261608758
261609660
261610394
261611129
261611863
261656038
261656948
261657261
261658832
261658992
261659166
261662365
261671064
261671798
261672532
261673266
261682106
261692463
261770001
261771334
261772068
261773333
261774714
261794857
261878711
261881425
261882160
261883043
261884238
261884962
261886905
261897249
261981113
261994027
261994903
261995638
261996402
261997137
262000151
262091722
262102114
262177410
262185917
262194104
262205095
262253090
262253825
262254559
262255331
262256065
262288318
262296510
262306911
262390719
262398909
262409282
262493116
262501305
262511746
262595511
262614154
262706103
262711598
262712315
262713420
262714154
262714888
262716589
262800317
262818918
262829088
262830425
262831587
262888250
262888984
262890468
262891659
262910906
262921285
262941608
262942342
262943077
262943811
262944904
263001439
263002174
263002908
263003642
263004376
263023687
263054074
263054808
263055542
263057836
263058570
263107514
263113287
263114023
263114757
263115491
263116226
263126087
263166614
263167347
263168082
263168816
263169550
263201646
263209920
263218109
263225797
263226530
263227526
263228260
263228995
263229992
263235803
263312317
263320507
263330874
263433719
263500361
263501095
263501830
263502563
263517118
263535683
263619509
263622520
263623254
263623988
263624723
263625457
263627706
263638443
263663999
263664733
263665468
263666200
263666936
263704161
263704895
263705629
263706363
263707098
263721911
263725037
263725771
263727016
263727750
263728484
263730108
263740485
263816534
263818133
263824313
263842902
263862305
263863039
263863773
263864508
263865242
263866947
263868577
263925867
263927730
263928465
263929199
263934902
263945745
263973759
263974493
263976284
263977275
263978009
263979472
263980206
263980982
263981716
263982451
264029114
264035873
264036607
264037342
264038076
264039280
264047867
264086312
264087047
264087781
264088515
264089250
264092886
264093717
264094451
264095185
264095931
264131512
264139707
264147650
264148403
264149406
264150140
264150884
264152242
264180886
264183057
264205040
264205775
264206509
264207243
264207978
